#shot # UsQ UsM up P rho R T
21303 19.4 0.2 19.7 0.2 10.0 0.2 711 12 7.40 0.14 
21302 22.5 0.2 22.1 0.1 12.3 0.2 976 17 8.08 0.18 
20453 23.1 0.1 22.9 0.1 12.7 0.1 1042 12 8.03 0.18 
21307 23.2 0.1 22.9 0.1 12.8 0.2 1049 16 8.19 0.16 
20461 24.8 0.1 24.4 0.1 13.9 0.1 1216 11 8.32 0.10 
21312 24.8 0.1 24.4 0.2 14.0 0.1 1222 10 8.40 0.11 
21309 24.9 0.1 24.4 0.2 14.1 0.1 1231 15 8.46 0.16 
21305 26.2 0.2 25.8 0.1 15.0 0.2 1384 20 8.57 0.12 
21459 27.1 0.1 26.8 0.1 15.6 0.1 1492 14 8.57 0.12 
21310 27.2 0.1 26.6 0.1 15.7 0.1 1498 15 8.80 0.14
21308 29.9 0.1 28.8 0.1 17.7 0.2 1829 20 9.28 0.16
21306 31.6 0.1 30.4 0.1 19.0 0.2 2072 19 9.54 0.15
21304 33.1 0.1 32.0 0.2 20.1 0.2 2303 26 9.60 0.20
