#shot # Up, sigma_Up, US, sigma_Us, rho, sigma_rho, P, P_sigma
Cu 8.13 0.04 17.02 0.18 6.86 0.09 496.2 4.3
Cu 8.32 0.04 17.29 0.19 6.91 0.09 515.3 4.6
Cu 8.48 0.05 17.38 0.21 7.00 0.11 528.1 5.5
Cu 8.70 0.05 17.82 0.13 7.00 0.07 555.4 4.2
Cu 8.89 0.05 18.20 0.19 7.01 0.10 580.1 5.3
Cu 9.07 0.04 18.38 0.18 7.07 0.09 597.2 4.8
Cu 9.26 0.05 18.56 0.18 7.15 0.10 616.0 5.4
Al 5.44 0.05 13.86 0.11 5.90 0.05 270.2 2.4
Al 6.18 0.04 14.92 0.12 6.12 0.05 330.6 2.1
Al 6.40 0.06 14.99 0.26 6.25 0.12 343.8 3.7
Al 6.54 0.05 15.34 0.16 6.24 0.08 359.3 3.2
Al 6.75 0.06 15.41 0.25 6.37 0.12 372.6 3.7
Al 6.98 0.05 15.42 0.19 6.55 0.10 385.9 3.1
Al 7.31 0.07 16.05 0.24 6.58 0.12 420.6 4.5
Al 7.49 0.03 16.06 0.11 6.72 0.06 431.2 2.2
Al 7.80 0.05 16.77 0.19 6.70 0.10 468.8 3.8
Al 8.14 0.04 17.07 0.13 6.85 0.07 497.9 2.8
Al 8.68 0.05 17.48 0.14 7.11 0.09 543.4 3.5
Al 8.73 0.05 17.88 0.16 7.00 0.09 559.4 3.6
Al 8.85 0.04 18.29 0.14 6.94 0.08 579.8 3.3
Al 9.57 0.03 18.89 0.08 7.26 0.05 648.0 2.3
Al 10.37 0.04 19.72 0.09 7.56 0.06 732.6 2.9
Al 10.54 0.09 20.12 0.26 7.53 0.16 760.0 7.4
Al 11.04 0.08 20.87 0.16 7.61 0.11 825.7 6.2
Al 11.13 0.07 20.99 0.10 7.63 0.08 837.2 5.5
Al 11.29 0.06 21.11 0.10 7.70 0.07 854.1 4.8
Al 11.47 0.06 21.36 0.06 7.74 0.06 878.3 4.7
Al 11.78 0.04 21.75 0.04 7.82 0.04 918.5 2.9
Al 12.15 0.06 22.14 0.08 7.94 0.06 964.2 4.8
Al 12.70 0.04 22.50 0.03 7.96 0.03 997.5 3.0
Al 12.51 0.04 22.60 0.04 8.03 0.04 1013.4 3.2
Al 12.63 0.06 22.81 0.09 8.03 0.07 1032.3 5.1
Al 13.01 0.04 23.16 0.04 8.17 0.04 1079.6 3.4
Al 13.47 0.06 23.93 0.07 8.20 0.06 1155.3 5.7
Al 13.65 0.06 24.07 0.09 8.28 0.07 1177.6 5.6